mse: 5.9e-06
nrmse: 0.00486125
r2: 0.92008389
rmse: 0.0014147
