mse: 0.00480156
nrmse: 0.03853572
r2: 0.8816217
rmse: 0.06717593
